15
49
106
198
333
705
1155
1995
3237
4479
5721
6963
8205
9447
10937
12725
14870
17444
20532
24237
28683
34018
40420
48102
57320
68381
81654
97581
116693
135805
154917
174029
193141
212253
235187
262707
295731
335359
382912
434269
489734
549636
614330
684199
759657
841151
929164
1024218
1126876
1237746
1357485
1486803
1626466
1777302
1940204
2116138
2306146
2511354
2732978
2954602
3176226
3397850
3619474
3841098
4079343
4335456
4610777
4906747
5224914
5566943
5934624
6329881
6754782
7211550
7700291
8223243
8782801
9381528
10022165
10707646
11441110
12225916
13065658
13964181
14925600
15954318
17055046
18232824
19493046
20835182
22264556
23786839
25408070
27134681
28973521
30931885
33017542
35238766
37604369
39969972
42335575
44701178
47066781
49432384
51951751
54634876
57492404
60535671
63776750
67228499
70904611
74819670
78989207
83429763
88158955
93195544
98559511
104272135
110356079
116835479
123736040
131085137
138911925
147247454
156124792
165579156
175648053
186371428
197791822
209954541
222907836
236703095
251395045
267041971
283705947
301453081
320353778
340483020
361920662
384698156
408899243
434612897
461933654
490961958
521804531
554574764
589393136
626387656
665694333
707457677
751831230
798978130
849071711
902296140
958847095
1018932484
1082773209
1150603979
1222674172
1299248752
1380609243
1467054764
1558903130
1656492018
1760180211
1870348916
1987403165
2111773304
2243916576
2382667011
2528354967
2681327320
2841948290
3010600308
3187684926
3373623774
3568859564
3773857143
3989104600
4215114429
4452424749
4701600585
4963235212
5237951570
5526403745
5829278528
6147297050
6481216498
6831831918
7199978109
7586531609
7992412784
8418588017
8866072011
9335930204
9829281306
10347299963
10891219552
11462335120
13669361590
16141231236
18909725239
22010438522
25483237398
29372772139
33729051048
38608083426
44072599689
50192857903
67023567991
85200734886
104832075132
126033922597
148931917859
173661752741
200369974413
229214853818
260367323575
294011990912
351207925385
411263656582
474322174338
540533617982
610055633808
703910355174
800580718181‬
900151192078
1002708780192
1108343095949
1282639716948
1460422270367
1641760474855
1826725443432
2015389711381
2287360223545
2564770145952
2847728266807
3136345550079
3430735179016
4025402229468
4626015950424
5232635808589
5845321865335
6464134782648
7089135829134
7720386886084
8357950453603
9001889656797
9652268252022
10966033014376
12292935424353
13633106858429
14986680006845
16353788886745
17734568855444
19129156623829
20537690269897
21960309252425
23397154424778
26299581672931
29231033193565
32191799229405
35182172925603
38202450358762
41252930566252
44333915575816
47445710435475
50588623243730
53762965180067
60175135891467
66651428309981
73192483652680
79798949548805
86471480103891